
****
AST
****


BERT+LIN            	100	ORIG	5.0	60.0	60.0	65.0	80.0	80.0	70.0	70.0	75.0	75.0	80.0	85.0	80.0	
CodeBERT+LIN        	100	ORIG	5.0	85.0	55.0	35.0	25.0	70.0	70.0	30.0	55.0	80.0	80.0	70.0	50.0	
CodeBERTa+LIN       	100	ORIG	5.0	50.0	90.0	95.0	95.0	95.0	85.0	
GraphCodeBERT+LIN   	100	ORIG	5.0	85.0	70.0	65.0	60.0	80.0	75.0	70.0	75.0	65.0	65.0	50.0	60.0	
CodeT5+LIN          	100	ORIG	5.0	45.0	90.0	90.0	90.0	90.0	90.0	90.0	85.0	85.0	85.0	85.0	80.0	
JavaBERT-mini+LIN   	100	ORIG	5.0	35.0	15.0	15.0	15.0	10.0	5.0	5.0	10.0	10.0	5.0	5.0	5.0	
PLBART-mtjava+LIN   	100	ORIG	5.0	40.0	85.0	80.0	80.0	85.0	85.0	
PLBART-large+LIN    	100	ORIG	5.0	15.0	30.0	60.0	75.0	75.0	75.0	70.0	70.0	75.0	85.0	80.0	85.0	



BERT+LIN            	1k	ORIG	5.0	80.5	82.0	85.5	88.0	82.5	88.5	89.0	89.0	87.5	87.5	88.5	84.5	
CodeBERT+LIN        	1k	ORIG	5.0	82.5	78.5	63.5	53.0	78.0	78.5	68.5	75.5	82.5	80.5	81.5	83.0	
CodeBERTa+LIN       	1k	ORIG	5.0	80.0	83.5	91.5	89.0	89.5	90.0	
GraphCodeBERT+LIN   	1k	ORIG	5.0	88.0	84.5	83.0	81.5	82.0	84.0	87.0	83.0	78.5	72.0	61.0	63.0	
CodeT5+LIN          	1k	ORIG	5.0	80.5	85.5	80.5	80.0	79.0	87.5	87.0	84.0	80.0	81.5	84.5	78.5	
JavaBERT-mini+LIN   	1k	ORIG	5.0	47.5	11.5	21.0	15.0	5.5	6.0	6.0	6.0	11.0	5.5	5.0	5.0	
PLBART-mtjava+LIN   	1k	ORIG	5.0	49.5	86.0	85.5	85.5	84.5	85.0	
PLBART-large+LIN    	1k	ORIG	5.0	46.0	57.0	56.0	42.5	60.5	61.0	63.0	62.0	51.0	64.5	62.0	64.5	



BERT+LIN            	10k	ORIG	5.0	87.45	87.75	87.45	88.25	88.95	88.45	87.3	86.55	89.5	89.6	89.05	90.2	
CodeBERT+LIN        	10k	ORIG	5.0	89.4	88.55	85.55	85.9	91.65	89.95	83.5	86.9	85.9	89.55	88.0	85.55	
CodeBERTa+LIN       	10k	ORIG	5.0	88.8	91.6	92.1	91.8	89.7	89.05	
GraphCodeBERT+LIN   	10k	ORIG	5.0	86.2	85.95	85.75	86.0	87.2	80.9	86.35	86.7	85.6	75.6	59.9	60.3	
CodeT5+LIN          	10k	ORIG	5.0	91.15	90.45	90.4	89.1	91.5	90.9	90.65	89.95	90.3	86.2	87.7	92.0	
JavaBERT-mini+LIN   	10k	ORIG	5.0	72.5	25.95	19.5	15.55	10.5	10.5	5.45	5.5	11.45	5.15	5.15	5.0	
PLBART-mtjava+LIN   	10k	ORIG	5.0	68.45	88.15	89.8	89.0	88.1	89.1	
PLBART-large+LIN    	10k	ORIG	5.0	51.75	76.75	80.3	75.5	74.4	83.15	79.3	83.3	77.5	80.65	78.95	82.8	



****
CPX
****


BERT+LIN            	100	ORIG	10.0	20.0	25.0	20.0	25.0	25.0	20.0	20.0	10.0	10.0	20.0	35.0	20.0	
CodeBERT+LIN        	100	ORIG	10.0	40.0	35.0	35.0	30.0	35.0	45.0	45.0	45.0	45.0	20.0	20.0	25.0	
CodeBERTa+LIN       	100	ORIG	10.0	20.0	25.0	30.0	30.0	25.0	15.0	
GraphCodeBERT+LIN   	100	ORIG	10.0	35.0	35.0	45.0	25.0	40.0	45.0	35.0	50.0	35.0	10.0	30.0	20.0	
CodeT5+LIN          	100	ORIG	10.0	20.0	20.0	15.0	25.0	20.0	20.0	25.0	30.0	40.0	50.0	50.0	50.0	
JavaBERT-mini+LIN   	100	ORIG	10.0	20.0	10.0	15.0	10.0	10.0	10.0	10.0	10.0	10.0	10.0	10.0	10.0	
PLBART-mtjava+LIN   	100	ORIG	10.0	20.0	20.0	20.0	20.0	20.0	25.0	
PLBART-large+LIN    	100	ORIG	10.0	20.0	20.0	20.0	30.0	30.0	20.0	20.0	20.0	20.0	20.0	20.0	20.0	



BERT+LIN            	1k	ORIG	10.0	33.0	32.0	32.0	35.0	34.0	29.0	32.5	30.0	30.0	32.5	36.5	33.5	
CodeBERT+LIN        	1k	ORIG	10.0	27.0	27.5	29.0	32.5	34.0	32.5	29.5	25.5	30.5	27.5	26.0	33.5	
CodeBERTa+LIN       	1k	ORIG	10.0	33.0	37.0	31.5	34.5	33.5	30.0	
GraphCodeBERT+LIN   	1k	ORIG	10.0	29.5	34.5	34.5	39.0	34.5	31.5	19.0	28.0	28.0	24.5	29.5	31.5	
CodeT5+LIN          	1k	ORIG	10.0	32.0	36.0	33.0	35.5	32.0	31.5	31.0	29.0	28.0	30.0	27.0	33.5	
JavaBERT-mini+LIN   	1k	ORIG	10.0	21.5	15.5	11.5	10.0	10.0	10.0	10.0	10.0	10.0	10.0	10.0	10.0	
PLBART-mtjava+LIN   	1k	ORIG	10.0	28.5	27.5	26.5	28.5	29.5	31.5	
PLBART-large+LIN    	1k	ORIG	10.0	25.0	23.5	28.0	29.0	26.5	26.5	26.0	26.0	25.5	25.0	24.5	27.0	



BERT+LIN            	10k	ORIG	10.0	36.3	38.6	37.0	37.7	39.55	39.8	40.0	39.75	42.65	41.85	41.2	40.9	
CodeBERT+LIN        	10k	ORIG	10.0	34.85	33.2	35.9	39.3	42.65	40.8	41.05	34.95	37.3	36.45	35.25	37.85	
CodeBERTa+LIN       	10k	ORIG	10.0	35.0	35.6	38.5	39.2	40.1	40.8	
GraphCodeBERT+LIN   	10k	ORIG	10.0	36.9	35.65	39.05	41.9	46.7	44.85	38.4	36.6	33.55	30.9	35.15	37.9	
CodeT5+LIN          	10k	ORIG	10.0	35.4	41.9	40.65	39.45	39.8	39.7	39.55	40.7	39.8	37.75	40.65	42.2	
JavaBERT-mini+LIN   	10k	ORIG	10.0	26.25	23.0	16.0	10.35	10.25	10.0	10.0	10.0	10.0	10.0	10.0	10.0	
PLBART-mtjava+LIN   	10k	ORIG	10.0	27.9	29.05	33.8	37.1	36.45	37.65	
PLBART-large+LIN    	10k	ORIG	10.0	25.55	29.8	30.9	32.6	34.1	34.05	32.9	32.55	32.3	32.85	31.7	31.7	



****
SRI
****


BERT+LIN            	100	ORIG	50.0	55.0	55.0	55.0	50.0	45.0	50.0	45.0	50.0	65.0	65.0	60.0	55.0	
CodeBERT+LIN        	100	ORIG	50.0	50.0	50.0	65.0	60.0	60.0	65.0	50.0	60.0	45.0	55.0	55.0	60.0	
CodeBERTa+LIN       	100	ORIG	50.0	60.0	55.0	55.0	55.0	55.0	60.0	
GraphCodeBERT+LIN   	100	ORIG	50.0	60.0	70.0	65.0	70.0	75.0	65.0	70.0	60.0	55.0	50.0	55.0	55.0	
CodeT5+LIN          	100	ORIG	50.0	60.0	50.0	55.0	40.0	60.0	55.0	55.0	60.0	45.0	50.0	45.0	40.0	
JavaBERT-mini+LIN   	100	ORIG	50.0	50.0	50.0	50.0	50.0	50.0	50.0	50.0	50.0	50.0	50.0	50.0	50.0	
PLBART-mtjava+LIN   	100	ORIG	50.0	55.0	45.0	35.0	45.0	45.0	45.0	
PLBART-large+LIN    	100	ORIG	50.0	50.0	50.0	40.0	45.0	55.0	55.0	55.0	55.0	60.0	55.0	60.0	60.0	



BERT+LIN            	1k	ORIG	50.0	51.0	54.0	56.5	62.0	59.5	64.0	61.0	59.0	60.5	59.5	58.0	62.0	
CodeBERT+LIN        	1k	ORIG	50.0	64.5	63.0	65.0	62.0	66.5	72.5	64.5	70.0	65.0	69.0	69.5	72.0	
CodeBERTa+LIN       	1k	ORIG	50.0	52.5	50.5	59.0	53.5	56.0	61.0	
GraphCodeBERT+LIN   	1k	ORIG	50.0	59.0	53.5	66.0	69.5	72.0	72.0	71.5	71.0	72.5	62.5	70.0	73.0	
CodeT5+LIN          	1k	ORIG	50.0	50.0	49.5	52.5	56.5	60.5	64.0	73.5	67.5	64.0	69.0	68.5	67.0	
JavaBERT-mini+LIN   	1k	ORIG	50.0	55.5	49.5	53.0	50.0	50.0	50.0	50.0	50.0	50.0	50.0	50.0	50.0	
PLBART-mtjava+LIN   	1k	ORIG	50.0	49.5	50.0	49.5	49.5	49.5	49.0	
PLBART-large+LIN    	1k	ORIG	50.0	48.0	50.0	50.0	48.0	48.0	50.0	49.5	50.0	51.0	50.0	50.0	52.0	



BERT+LIN            	10k	ORIG	50.0	55.35	58.95	60.2	62.0	63.4	60.05	60.8	63.35	64.25	64.55	61.65	62.35	
CodeBERT+LIN        	10k	ORIG	50.0	57.85	58.45	60.35	66.1	71.7	73.8	73.5	73.95	70.75	74.7	72.8	76.2	
CodeBERTa+LIN       	10k	ORIG	50.0	58.1	60.0	62.3	61.65	61.65	62.2	
GraphCodeBERT+LIN   	10k	ORIG	50.0	57.15	62.7	63.85	70.9	72.6	78.5	73.95	75.15	71.25	69.5	73.95	76.8	
CodeT5+LIN          	10k	ORIG	50.0	54.0	55.15	58.45	60.85	61.05	64.35	64.65	66.65	65.55	68.0	67.1	67.35	
JavaBERT-mini+LIN   	10k	ORIG	50.0	56.3	50.0	54.8	49.85	50.0	50.0	50.0	50.0	50.0	50.0	50.0	50.0	
PLBART-mtjava+LIN   	10k	ORIG	50.0	51.85	51.8	52.85	56.7	55.35	56.55	
PLBART-large+LIN    	10k	ORIG	50.0	55.4	55.7	57.25	56.75	56.95	55.85	55.5	56.65	56.1	56.6	55.7	55.2	


